14-11-16 上午12:29
文件1：announce_plugin.html
         	片段	 词汇	字符（无空白）	字符（含空白）	
本文件内重复：  	 4	  4	    116	    116	
与其他文件重复： 	 0	  0	      0	      0	
精确匹配：    	25	 78	    604	    653	
95%-100%：	 0	  0	      0	      0	
85%-94%： 	 2	  5	     48	     53	
75%-84%： 	 2	 13	    115	    125	
50%-74%： 	 4	 29	    189	    214	
无匹配：     	43	171	   1381	   1498	
总共：      	80	300	   2453	   2659	

文件2：ant.html
         	 片段	  词汇	字符（无空白）	字符（含空白）	
本文件内重复：  	  9	  16	    147	    156	
与其他文件重复： 	  0	   0	      0	      0	
精确匹配：    	112	 712	   4110	   4701	
95%-100%：	  1	  14	     77	     86	
85%-94%： 	  2	   6	     49	     55	
75%-84%： 	  9	  75	    407	    462	
50%-74%： 	 25	 227	   1234	   1427	
无匹配：     	 55	 431	   3404	   3747	
总共：      	213	1481	   9428	  10634	

文件3：antlr_plugin.html
         	 片段	 词汇	字符（无空白）	字符（含空白）	
本文件内重复：  	 16	 32	    333	    347	
与其他文件重复： 	  3	  3	     81	     81	
精确匹配：    	 26	 59	    512	    541	
95%-100%：	  0	  0	      0	      0	
85%-94%： 	  2	  9	     82	     84	
75%-84%： 	  4	 15	    150	    158	
50%-74%： 	 12	 94	    502	    585	
无匹配：     	 44	207	   1376	   1527	
总共：      	107	419	   3036	   3323	

文件4：application_plugin.html
         	 片段	 词汇	字符（无空白）	字符（含空白）	
本文件内重复：  	 10	 32	    332	    354	
与其他文件重复： 	  2	  4	     17	     19	
精确匹配：    	 28	 60	    642	    662	
95%-100%：	  0	  0	      0	      0	
85%-94%： 	  1	  4	     39	     42	
75%-84%： 	  7	 25	    292	    299	
50%-74%： 	 15	134	    831	    941	
无匹配：     	 48	424	   2831	   3201	
总共：      	111	683	   4984	   5518	

文件5：artifact_dependencies_tutorial.html
         	 片段	  词汇	字符（无空白）	字符（含空白）	
本文件内重复：  	  3	   3	     21	     24	
与其他文件重复： 	  7	   9	    141	    147	
精确匹配：    	 50	  86	    953	    991	
95%-100%：	  0	   0	      0	      0	
85%-94%： 	  3	  15	    275	    275	
75%-84%： 	  2	  14	    107	    119	
50%-74%： 	 34	 253	   1523	   1739	
无匹配：     	106	1166	   6852	   7902	
总共：      	205	1546	   9872	  11197	

文件6：artifact_management.html
         	 片段	  词汇	字符（无空白）	字符（含空白）	
本文件内重复：  	  8	  27	    249	    266	
与其他文件重复： 	 10	  19	    243	    253	
精确匹配：    	 26	  43	    455	    472	
95%-100%：	  0	   0	      0	      0	
85%-94%： 	  0	   0	      0	      0	
75%-84%： 	  3	  13	    110	    117	
50%-74%： 	 27	 205	   1162	   1340	
无匹配：     	 66	 746	   4606	   5282	
总共：      	140	1053	   6825	   7730	

文件7：build_announcements_plugin.html
         	片段	 词汇	字符（无空白）	字符（含空白）	
本文件内重复：  	 4	  4	     80	     80	
与其他文件重复： 	 6	 18	    165	    177	
精确匹配：    	21	 58	    496	    529	
95%-100%：	 0	  0	      0	      0	
85%-94%： 	 1	  3	     42	     44	
75%-84%： 	 1	  3	     44	     46	
50%-74%： 	 5	 54	    278	    327	
无匹配：     	 8	 52	    336	    381	
总共：      	46	192	   1441	   1584	

文件8：build_environment.html
         	片段	 词汇	字符（无空白）	字符（含空白）	
本文件内重复：  	10	 28	    203	    221	
与其他文件重复： 	 0	  0	      0	      0	
精确匹配：    	16	 31	    341	    352	
95%-100%：	 0	  0	      0	      0	
85%-94%： 	 0	  0	      0	      0	
75%-84%： 	 1	  5	     29	     33	
50%-74%： 	10	 91	    467	    550	
无匹配：     	51	644	   4131	   4678	
总共：      	88	799	   5171	   5834	

文件9：build_init_plugin.html
         	 片段	 词汇	字符（无空白）	字符（含空白）	
本文件内重复：  	 12	 52	    380	    422	
与其他文件重复： 	 10	 43	    324	    358	
精确匹配：    	 23	 55	    485	    513	
95%-100%：	  0	  0	      0	      0	
85%-94%： 	  0	  0	      0	      0	
75%-84%： 	  2	  4	     96	     96	
50%-74%： 	  8	 66	    323	    382	
无匹配：     	 71	623	   3666	   4209	
总共：      	126	843	   5274	   5980	

文件10：build_lifecycle.html
         	 片段	  词汇	字符（无空白）	字符（含空白）	
本文件内重复：  	 17	  34	    434	    446	
与其他文件重复： 	  1	   3	     53	     53	
精确匹配：    	 34	  67	    668	    696	
95%-100%：	  0	   0	      0	      0	
85%-94%： 	 10	  53	    493	    508	
75%-84%： 	  2	   4	     94	     94	
50%-74%： 	 49	 435	   2629	   3014	
无匹配：     	145	1639	   9886	  11367	
总共：      	258	2235	  14257	  16178	

文件11：buildDashboard_plugin.html
         	片段	 词汇	字符（无空白）	字符（含空白）	
本文件内重复：  	 1	  6	     33	     38	
与其他文件重复： 	13	 37	    318	    343	
精确匹配：    	21	 45	    425	    445	
95%-100%：	 0	  0	      0	      0	
85%-94%： 	 1	  3	     38	     40	
75%-84%： 	 5	 25	    259	    276	
50%-74%： 	 9	 70	    430	    492	
无匹配：     	14	146	    885	   1017	
总共：      	64	332	   2388	   2651	

文件12：checkstyle_plugin.html
         	片段	 词汇	字符（无空白）	字符（含空白）	
本文件内重复：  	 8	 10	    200	    200	
与其他文件重复： 	 7	 11	     55	     59	
精确匹配：    	27	 74	    553	    596	
95%-100%：	 0	  0	      0	      0	
85%-94%： 	 1	  3	     33	     35	
75%-84%： 	 2	  4	    115	    115	
50%-74%： 	 9	 70	    432	    493	
无匹配：     	28	127	    981	   1078	
总共：      	82	299	   2369	   2576	

文件13：codenarc_plugin.html
         	片段	 词汇	字符（无空白）	字符（含空白）	
本文件内重复：  	10	 20	    256	    264	
与其他文件重复： 	12	 35	    184	    210	
精确匹配：    	24	 59	    483	    514	
95%-100%：	 0	  0	      0	      0	
85%-94%： 	 1	  3	     31	     33	
75%-84%： 	 3	  9	    138	    142	
50%-74%： 	 7	 46	    290	    329	
无匹配：     	25	123	    902	    999	
总共：      	82	295	   2284	   2491	

文件14：comparing_builds.html
         	 片段	  词汇	字符（无空白）	字符（含空白）	
本文件内重复：  	  8	  25	    179	    197	
与其他文件重复： 	  3	   3	     57	     57	
精确匹配：    	 23	  40	    552	    563	
95%-100%：	  0	   0	      0	      0	
85%-94%： 	  0	   0	      0	      0	
75%-84%： 	  3	  13	    155	    164	
50%-74%： 	 16	 150	    864	    998	
无匹配：     	 70	 837	   4637	   5407	
总共：      	123	1068	   6444	   7386	

文件15：custom_plugins.html
         	 片段	  词汇	字符（无空白）	字符（含空白）	
本文件内重复：  	 11	  52	    407	    440	
与其他文件重复： 	  7	   7	    140	    143	
精确匹配：    	 43	  68	    805	    828	
95%-100%：	  1	  24	    145	    166	
85%-94%： 	  6	  28	    252	    263	
75%-84%： 	  2	  10	    138	    138	
50%-74%： 	 43	 288	   1786	   2031	
无匹配：     	115	1239	   8085	   9173	
总共：      	228	1716	  11758	  13182	

文件16：custom_tasks.html
         	 片段	  词汇	字符（无空白）	字符（含空白）	
本文件内重复：  	 17	  72	   1745	   1761	
与其他文件重复： 	 38	 211	   1509	   1681	
精确匹配：    	 44	  66	    751	    775	
95%-100%：	  0	   0	      0	      0	
85%-94%： 	  7	  60	    494	    539	
75%-84%： 	 10	  47	    399	    435	
50%-74%： 	 42	 324	   2004	   2288	
无匹配：     	121	1632	  10102	  11556	
总共：      	279	2412	  17004	  19035	

文件17：dependency_management.html
         	  片段	   词汇	字符（无空白）	字符（含空白）	
本文件内重复：  	  38	   96	   1326	   1381	
与其他文件重复： 	  62	  101	   1044	   1117	
精确匹配：    	 117	  112	   1323	   1352	
95%-100%：	   0	    0	      0	      0	
85%-94%： 	  19	   79	    702	    751	
75%-84%： 	  21	   73	   1119	   1132	
50%-74%： 	 115	  855	   5688	   6401	
无匹配：     	 690	 8981	  55380	  63481	
总共：      	1062	10297	  66582	  75615	

文件18：distribution_plugin.html
         	 片段	 词汇	字符（无空白）	字符（含空白）	
本文件内重复：  	  5	 29	    195	    219	
与其他文件重复： 	 24	 44	    304	    330	
精确匹配：    	 37	 83	    859	    898	
95%-100%：	  0	  0	      0	      0	
85%-94%： 	  2	  9	     91	     93	
75%-84%： 	  1	  2	     61	     61	
50%-74%： 	 10	 60	    423	    474	
无匹配：     	 35	320	   2476	   2747	
总共：      	114	547	   4409	   4822	

文件19：ear_plugin.html
         	 片段	 词汇	字符（无空白）	字符（含空白）	
本文件内重复：  	  7	 21	    119	    131	
与其他文件重复： 	  9	 13	    101	    105	
精确匹配：    	 32	 62	    587	    612	
95%-100%：	  0	  0	      0	      0	
85%-94%： 	  1	  3	     26	     28	
75%-84%： 	  3	 12	     98	    106	
50%-74%： 	 16	114	    670	    769	
无匹配：     	 51	474	   3487	   3952	
总共：      	119	699	   5088	   5703	

文件20：eclipse_plugin.html
         	 片段	  词汇	字符（无空白）	字符（含空白）	
本文件内重复：  	 44	 122	   1368	   1389	
与其他文件重复： 	 20	  24	    162	    176	
精确匹配：    	 32	  54	    529	    548	
95%-100%：	  0	   0	      0	      0	
85%-94%： 	  2	   8	     72	     74	
75%-84%： 	 13	  29	    771	    775	
50%-74%： 	 20	 150	    892	   1016	
无匹配：     	136	 976	   7099	   7928	
总共：      	267	1363	  10893	  11906	

文件21：embedding.html
         	片段	 词汇	字符（无空白）	字符（含空白）	
本文件内重复：  	 6	 14	    132	    140	
与其他文件重复： 	 7	 22	    161	    176	
精确匹配：    	14	 29	    307	    318	
95%-100%：	 0	  0	      0	      0	
85%-94%： 	 0	  0	      0	      0	
75%-84%： 	 2	  9	     91	     91	
50%-74%： 	 6	 51	    258	    303	
无匹配：     	40	609	   3238	   3804	
总共：      	75	734	   4187	   4832	

文件22：feature_lifecycle.html
         	片段	 词汇	字符（无空白）	字符（含空白）	
本文件内重复：  	 9	 27	    219	    237	
与其他文件重复： 	 0	  0	      0	      0	
精确匹配：    	14	 29	    307	    318	
95%-100%：	 0	  0	      0	      0	
85%-94%： 	 1	  5	     41	     41	
75%-84%： 	 0	  0	      0	      0	
50%-74%： 	 4	 27	    134	    157	
无匹配：     	56	728	   4011	   4669	
总共：      	84	816	   4712	   5422	

文件23：findbugs_plugin.html
         	片段	 词汇	字符（无空白）	字符（含空白）	
本文件内重复：  	 8	 18	    208	    216	
与其他文件重复： 	16	 51	    340	    374	
精确匹配：    	21	 48	    419	    442	
95%-100%：	 0	  0	      0	      0	
85%-94%： 	 1	  3	     31	     33	
75%-84%： 	 3	  9	    137	    141	
50%-74%： 	 6	 38	    240	    272	
无匹配：     	20	106	    749	    836	
总共：      	75	273	   2124	   2314	

文件24：go01.html
         	 片段	 词汇	字符（无空白）	字符（含空白）	
本文件内重复：  	 27	 13	     92	     92	
与其他文件重复： 	  2	  2	     19	     19	
精确匹配：    	 21	 64	    394	    437	
95%-100%：	  0	  0	      0	      0	
85%-94%： 	  0	  0	      0	      0	
75%-84%： 	  0	  0	      0	      0	
50%-74%： 	  5	 10	    116	    120	
无匹配：     	 47	235	   1349	   1524	
总共：      	102	324	   1970	   2192	

文件25：gradle_command_line.html
         	 片段	  词汇	字符（无空白）	字符（含空白）	
本文件内重复：  	 11	  59	    515	    559	
与其他文件重复： 	 11	  42	    396	    421	
精确匹配：    	 37	  98	   1098	   1139	
95%-100%：	  0	   0	      0	      0	
85%-94%： 	  0	   0	      0	      0	
75%-84%： 	  2	   6	    104	    104	
50%-74%： 	  6	  34	    190	    216	
无匹配：     	126	 805	   5766	   6431	
总共：      	193	1044	   8069	   8870	

文件26：gradle_daemon.html
         	片段	 词汇	字符（无空白）	字符（含空白）	
本文件内重复：  	 2	  2	     44	     44	
与其他文件重复： 	10	 35	    302	    323	
精确匹配：    	20	 41	    394	    411	
95%-100%：	 0	  0	      0	      0	
85%-94%： 	 0	  0	      0	      0	
75%-84%： 	 0	  0	      0	      0	
50%-74%： 	 3	 18	    108	    123	
无匹配：     	56	827	   4310	   5080	
总共：      	91	923	   5158	   5981	

文件27：gradle_wrapper.html
         	片段	 词汇	字符（无空白）	字符（含空白）	
本文件内重复：  	 2	  8	     62	     68	
与其他文件重复： 	14	 34	    327	    345	
精确匹配：    	15	 30	    319	    330	
95%-100%：	 0	  0	      0	      0	
85%-94%： 	 0	  0	      0	      0	
75%-84%： 	 1	  4	     26	     29	
50%-74%： 	 7	 55	    326	    374	
无匹配：     	37	502	   2925	   3388	
总共：      	76	633	   3985	   4534	

文件28：groovy_plugin.html
         	 片段	  词汇	字符（无空白）	字符（含空白）	
本文件内重复：  	 17	  61	    510	    551	
与其他文件重复： 	 32	  65	    660	    685	
精确匹配：    	 44	  78	    737	    754	
95%-100%：	  0	   0	      0	      0	
85%-94%： 	  1	   3	     29	     31	
75%-84%： 	  7	  24	    252	    264	
50%-74%： 	 31	 185	   1138	   1295	
无匹配：     	110	 908	   5972	   6723	
总共：      	242	1324	   9298	  10303	

文件29：ide_support.html
         	片段	 词汇	字符（无空白）	字符（含空白）	
本文件内重复：  	 2	  4	     18	     18	
与其他文件重复： 	 9	 21	    177	    189	
精确匹配：    	16	 51	    405	    436	
95%-100%：	 0	  0	      0	      0	
85%-94%： 	 0	  0	      0	      0	
75%-84%： 	 0	  0	      0	      0	
50%-74%： 	 1	 14	     71	     84	
无匹配：     	24	530	   6794	   7162	
总共：      	52	620	   7465	   7889	

文件30：idea_plugin.html
         	 片段	  词汇	字符（无空白）	字符（含空白）	
本文件内重复：  	 19	  51	    544	    554	
与其他文件重复： 	 55	 297	   1891	   2130	
精确匹配：    	 32	  55	    508	    531	
95%-100%：	  0	   0	      0	      0	
85%-94%： 	  1	   3	     27	     29	
75%-84%： 	  7	  14	    405	    405	
50%-74%： 	 13	 107	    509	    603	
无匹配：     	 89	 636	   4173	   4710	
总共：      	216	1163	   8057	   8962	

文件31：init_scripts.html
         	 片段	  词汇	字符（无空白）	字符（含空白）	
本文件内重复：  	  1	   1	     14	     14	
与其他文件重复： 	 32	  73	    749	    787	
精确匹配：    	 28	  33	    383	    394	
95%-100%：	  0	   0	      0	      0	
85%-94%： 	  1	   2	     23	     26	
75%-84%： 	  1	   7	     63	     63	
50%-74%： 	 20	 176	   1141	   1297	
无匹配：     	 75	 759	   5068	   5749	
总共：      	158	1051	   7441	   8330	

文件32：installation.html
         	片段	 词汇	字符（无空白）	字符（含空白）	
本文件内重复：  	 1	  4	     25	     28	
与其他文件重复： 	 0	  0	      0	      0	
精确匹配：    	26	 53	    535	    558	
95%-100%：	 0	  0	      0	      0	
85%-94%： 	 0	  0	      0	      0	
75%-84%： 	 1	  6	     37	     42	
50%-74%： 	 8	 38	    213	    243	
无匹配：     	30	292	   1743	   2000	
总共：      	66	393	   2553	   2871	

文件33：introduction.html
         	片段	 词汇	字符（无空白）	字符（含空白）	
本文件内重复：  	 0	  0	      0	      0	
与其他文件重复： 	 0	  0	      0	      0	
精确匹配：    	30	 61	    553	    580	
95%-100%：	 0	  0	      0	      0	
85%-94%： 	 0	  0	      0	      0	
75%-84%： 	 0	  0	      0	      0	
50%-74%： 	 2	 20	    102	    120	
无匹配：     	19	184	   1030	   1194	
总共：      	51	265	   1685	   1894	

文件34：jacoco_plugin.html
         	 片段	 词汇	字符（无空白）	字符（含空白）	
本文件内重复：  	 18	 39	    322	    344	
与其他文件重复： 	 11	 25	    165	    183	
精确匹配：    	 26	 43	    444	    459	
95%-100%：	  0	  0	      0	      0	
85%-94%： 	  1	 25	    152	    173	
75%-84%： 	  9	 35	    424	    436	
50%-74%： 	 19	137	    983	   1098	
无匹配：     	 69	318	   2420	   2658	
总共：      	153	622	   4910	   5351	

文件35：java_plugin.html
         	 片段	  词汇	字符（无空白）	字符（含空白）	
本文件内重复：  	 41	 109	    962	   1015	
与其他文件重复： 	123	 299	   2652	   2788	
精确匹配：    	146	 211	   2212	   2237	
95%-100%：	  0	   0	      0	      0	
85%-94%： 	  4	  18	    170	    175	
75%-84%： 	 25	 109	   1179	   1213	
50%-74%： 	107	 881	   5284	   6053	
无匹配：     	413	3355	  22025	  24913	
总共：      	859	4982	  34484	  38394	

文件36：javaLibraryDistribution_plugin.html
         	片段	 词汇	字符（无空白）	字符（含空白）	
本文件内重复：  	 4	  5	     85	     88	
与其他文件重复： 	12	 40	    267	    296	
精确匹配：    	31	 68	    602	    638	
95%-100%：	 0	  0	      0	      0	
85%-94%： 	 1	  3	     48	     50	
75%-84%： 	 0	  0	      0	      0	
50%-74%： 	10	 89	    508	    588	
无匹配：     	14	128	    762	    875	
总共：      	72	333	   2272	   2535	

文件37：jdepend_plugin.html
         	片段	 词汇	字符（无空白）	字符（含空白）	
本文件内重复：  	 4	  6	    114	    114	
与其他文件重复： 	25	 84	    530	    588	
精确匹配：    	18	 33	    338	    349	
95%-100%：	 0	  0	      0	      0	
85%-94%： 	 1	  3	     30	     32	
75%-84%： 	 2	  4	    109	    109	
50%-74%： 	 6	 38	    234	    266	
无匹配：     	19	106	    720	    806	
总共：      	75	274	   2075	   2264	

文件38：jetty_plugin.html
         	片段	 词汇	字符（无空白）	字符（含空白）	
本文件内重复：  	 1	  1	      7	      7	
与其他文件重复： 	13	 26	    202	    216	
精确匹配：    	31	 70	    556	    591	
95%-100%：	 0	  0	      0	      0	
85%-94%： 	 0	  0	      0	      0	
75%-84%： 	 4	  8	    213	    213	
50%-74%： 	 8	 58	    313	    363	
无匹配：     	31	146	    820	    938	
总共：      	88	309	   2111	   2328	

文件39：logging.html
         	 片段	  词汇	字符（无空白）	字符（含空白）	
本文件内重复：  	  5	  22	    154	    166	
与其他文件重复： 	 12	  38	    341	    353	
精确匹配：    	 32	  61	    518	    548	
95%-100%：	  0	   0	      0	      0	
85%-94%： 	  3	  18	    157	    157	
75%-84%： 	  4	  17	    207	    214	
50%-74%： 	 13	 106	    572	    665	
无匹配：     	 99	 858	   5468	   6197	
总共：      	168	1120	   7417	   8300	

文件40：maven_plugin.html
         	 片段	  词汇	字符（无空白）	字符（含空白）	
本文件内重复：  	 22	 104	   1021	   1053	
与其他文件重复： 	 22	  40	    386	    412	
精确匹配：    	 60	  69	    742	    766	
95%-100%：	  1	   1	      4	      4	
85%-94%： 	  4	  14	     89	    103	
75%-84%： 	  7	  37	    371	    376	
50%-74%： 	 23	 163	    913	   1054	
无匹配：     	172	1313	   8961	  10042	
总共：      	311	1741	  12487	  13810	

文件41：more_about_tasks.html
         	 片段	  词汇	字符（无空白）	字符（含空白）	
本文件内重复：  	  0	   0	      0	      0	
与其他文件重复： 	  0	   0	      0	      0	
精确匹配：    	435	3391	  21471	  24339	
95%-100%：	  0	   0	      0	      0	
85%-94%： 	  0	   0	      0	      0	
75%-84%： 	  0	   0	      0	      0	
50%-74%： 	  0	   0	      0	      0	
无匹配：     	  0	   0	      0	      0	
总共：      	435	3391	  21471	  24339	

文件42：multi_project_builds.html
         	 片段	  词汇	字符（无空白）	字符（含空白）	
本文件内重复：  	 82	 354	   2748	   3018	
与其他文件重复： 	 65	 110	   1263	   1312	
精确匹配：    	 76	 132	   1292	   1354	
95%-100%：	  0	   0	      0	      0	
85%-94%： 	 16	 261	   1779	   1992	
75%-84%： 	  6	  25	    239	    248	
50%-74%： 	 81	 580	   3651	   4134	
无匹配：     	384	4513	  27811	  31763	
总共：      	710	5975	  38783	  43821	

文件43：nativeBinaries.html
         	 片段	  词汇	字符（无空白）	字符（含空白）	
本文件内重复：  	 77	 150	   2284	   2338	
与其他文件重复： 	 24	  63	    436	    480	
精确匹配：    	103	  80	    851	    881	
95%-100%：	  1	  24	    147	    168	
85%-94%： 	  6	  18	    192	    204	
75%-84%： 	 29	  78	   1552	   1567	
50%-74%： 	 38	 204	   1545	   1706	
无匹配：     	318	3334	  22256	  25177	
总共：      	596	3951	  29263	  32521	

文件44：organizing_build_logic.html
         	 片段	  词汇	字符（无空白）	字符（含空白）	
本文件内重复：  	  3	   9	     70	     77	
与其他文件重复： 	 37	 123	   1149	   1226	
精确匹配：    	 31	  44	    526	    541	
95%-100%：	  0	   0	      0	      0	
85%-94%： 	  7	  44	    307	    349	
75%-84%： 	  6	  27	    207	    225	
50%-74%： 	 25	 192	   1169	   1336	
无匹配：     	117	1180	   7480	   8516	
总共：      	226	1619	  10908	  12270	

文件45：osgi_plugin.html
         	片段	 词汇	字符（无空白）	字符（含空白）	
本文件内重复：  	 8	 33	    261	    271	
与其他文件重复： 	 7	 21	    160	    169	
精确匹配：    	21	 47	    423	    446	
95%-100%：	 0	  0	      0	      0	
85%-94%： 	 1	  3	     27	     29	
75%-84%： 	 3	 15	    146	    151	
50%-74%： 	15	 88	    478	    549	
无匹配：     	38	253	   1928	   2144	
总共：      	93	460	   3423	   3759	

文件46：overview.html
         	 片段	  词汇	字符（无空白）	字符（含空白）	
本文件内重复：  	  0	   0	      0	      0	
与其他文件重复： 	  1	   1	      6	      6	
精确匹配：    	 43	 207	   1378	   1538	
95%-100%：	  0	   0	      0	      0	
85%-94%： 	  0	   0	      0	      0	
75%-84%： 	  0	   0	      0	      0	
50%-74%： 	 10	  62	    340	    392	
无匹配：     	 75	 948	   4921	   5787	
总共：      	129	1218	   6645	   7723	

文件47：plugins.html
         	 片段	  词汇	字符（无空白）	字符（含空白）	
本文件内重复：  	  2	   9	     83	     87	
与其他文件重复： 	 25	  78	    750	    794	
精确匹配：    	 23	  40	    497	    508	
95%-100%：	  0	   0	      0	      0	
85%-94%： 	  2	  11	    127	    127	
75%-84%： 	  0	   0	      0	      0	
50%-74%： 	 18	 127	    930	   1032	
无匹配：     	 51	 741	   4354	   5034	
总共：      	121	1006	   6741	   7582	

文件48：pmd_plugin.html
         	片段	 词汇	字符（无空白）	字符（含空白）	
本文件内重复：  	 6	  8	    134	    134	
与其他文件重复： 	22	 77	    431	    489	
精确匹配：    	18	 33	    338	    349	
95%-100%：	 0	  0	      0	      0	
85%-94%： 	 1	  3	     26	     28	
75%-84%： 	 2	  4	    101	    101	
50%-74%： 	 6	 38	    210	    242	
无匹配：     	20	106	    658	    745	
总共：      	75	269	   1898	   2088	

文件49：potential_traps.html
         	片段	 词汇	字符（无空白）	字符（含空白）	
本文件内重复：  	 4	 10	     78	     84	
与其他文件重复： 	 6	 24	    155	    173	
精确匹配：    	21	 40	    451	    468	
95%-100%：	 0	  0	      0	      0	
85%-94%： 	 1	  3	     32	     35	
75%-84%： 	 2	 11	     86	     96	
50%-74%： 	 8	 37	    253	    283	
无匹配：     	25	209	   1657	   1812	
总共：      	67	334	   2712	   2951	

文件50：project_reports_plugin.html
         	 片段	 词汇	字符（无空白）	字符（含空白）	
本文件内重复：  	  0	  0	      0	      0	
与其他文件重复： 	 23	 54	    447	    481	
精确匹配：    	 31	 73	    636	    671	
95%-100%：	  0	  0	      0	      0	
85%-94%： 	  1	  3	     37	     39	
75%-84%： 	  6	 18	    369	    376	
50%-74%： 	  8	 65	    352	    410	
无匹配：     	 33	210	   1545	   1721	
总共：      	102	423	   3386	   3698	

文件51：publishing_ivy.html
         	 片段	  词汇	字符（无空白）	字符（含空白）	
本文件内重复：  	 35	  69	   1116	   1147	
与其他文件重复： 	 33	  57	    728	    761	
精确匹配：    	 62	  44	    562	    573	
95%-100%：	  0	   0	      0	      0	
85%-94%： 	  6	  23	    301	    313	
75%-84%： 	 10	  31	    565	    578	
50%-74%： 	 36	 212	   2034	   2178	
无匹配：     	168	1686	  13453	  14888	
总共：      	350	2122	  18759	  20438	

文件52：publishing_maven.html
         	 片段	  词汇	字符（无空白）	字符（含空白）	
本文件内重复：  	 20	  54	   1192	   1194	
与其他文件重复： 	 87	 495	   3931	   4321	
精确匹配：    	 50	  42	    518	    529	
95%-100%：	  0	   0	      0	      0	
85%-94%： 	  3	  11	    159	    167	
75%-84%： 	  6	  25	    442	    455	
50%-74%： 	 14	 117	    958	   1038	
无匹配：     	 96	1100	   8233	   9222	
总共：      	276	1844	  15433	  16926	

文件53：sample_list.html
         	 片段	 词汇	字符（无空白）	字符（含空白）	
本文件内重复：  	  6	 79	    402	    475	
与其他文件重复： 	 15	 42	    345	    372	
精确匹配：    	 15	 30	    318	    329	
95%-100%：	  0	  0	      0	      0	
85%-94%： 	  0	  0	      0	      0	
75%-84%： 	  0	  0	      0	      0	
50%-74%： 	 13	101	    559	    645	
无匹配：     	 92	668	   3926	   4463	
总共：      	141	920	   5550	   6284	

文件54：scala_plugin.html
         	 片段	  词汇	字符（无空白）	字符（含空白）	
本文件内重复：  	  9	  14	    228	    230	
与其他文件重复： 	 61	 252	   1617	   1788	
精确匹配：    	 39	  58	    600	    616	
95%-100%：	  0	   0	      0	      0	
85%-94%： 	  1	   3	     28	     30	
75%-84%： 	  3	   6	    145	    145	
50%-74%： 	 19	 141	    792	    915	
无匹配：     	122	1274	   8141	   9266	
总共：      	254	1748	  11551	  12990	

文件55：signing_plugin.html
         	 片段	  词汇	字符（无空白）	字符（含空白）	
本文件内重复：  	  2	   4	     72	     73	
与其他文件重复： 	 18	  50	    386	    421	
精确匹配：    	 28	  47	    663	    674	
95%-100%：	  0	   0	      0	      0	
85%-94%： 	  3	  11	    118	    126	
75%-84%： 	  5	  27	    197	    216	
50%-74%： 	 17	 148	   1067	   1181	
无匹配：     	 60	 741	   4705	   5377	
总共：      	133	1028	   7208	   8068	

文件56：sonar_plugin.html
         	 片段	  词汇	字符（无空白）	字符（含空白）	
本文件内重复：  	 12	  39	    328	    343	
与其他文件重复： 	 23	  59	    425	    467	
精确匹配：    	 40	  44	    501	    512	
95%-100%：	  0	   0	      0	      0	
85%-94%： 	  1	   4	     36	     39	
75%-84%： 	  1	   2	     53	     53	
50%-74%： 	 26	 195	   1288	   1415	
无匹配：     	106	 915	   6394	   7197	
总共：      	209	1258	   9025	  10026	

文件57：sonar_runner_plugin.html
         	 片段	  词汇	字符（无空白）	字符（含空白）	
本文件内重复：  	 18	  44	    594	    621	
与其他文件重复： 	 38	 160	   1150	   1253	
精确匹配：    	 37	  45	    533	    544	
95%-100%：	  0	   0	      0	      0	
85%-94%： 	  0	   0	      0	      0	
75%-84%： 	  0	   0	      0	      0	
50%-74%： 	 18	 124	    768	    868	
无匹配：     	113	1164	   7741	   8786	
总共：      	224	1537	  10786	  12072	

文件58：standard_plugins.html
         	 片段	  词汇	字符（无空白）	字符（含空白）	
本文件内重复：  	 35	  89	    669	    723	
与其他文件重复： 	144	 156	   1793	   1836	
精确匹配：    	 31	  49	    697	    708	
95%-100%：	  0	   0	      0	      0	
85%-94%： 	  0	   0	      0	      0	
75%-84%： 	  0	   0	      0	      0	
50%-74%： 	 15	 123	    692	    800	
无匹配：     	114	 764	   5082	   5722	
总共：      	339	1181	   8933	   9789	

文件59：troubleshooting.html
         	片段	 词汇	字符（无空白）	字符（含空白）	
本文件内重复：  	 0	  0	      0	      0	
与其他文件重复： 	 4	 13	     93	    102	
精确匹配：    	25	 56	    559	    586	
95%-100%：	 0	  0	      0	      0	
85%-94%： 	 1	  8	     38	     45	
75%-84%： 	 0	  0	      0	      0	
50%-74%： 	 3	 23	    112	    132	
无匹配：     	14	213	   1100	   1297	
总共：      	47	313	   1902	   2162	

文件60：tutorial_gradle_command_line.html
         	 片段	  词汇	字符（无空白）	字符（含空白）	
本文件内重复：  	 10	  89	    652	    733	
与其他文件重复： 	  2	   2	     51	     51	
精确匹配：    	 36	 105	    895	    964	
95%-100%：	  0	   0	      0	      0	
85%-94%： 	  5	  22	    165	    182	
75%-84%： 	 11	  57	    428	    472	
50%-74%： 	 50	 425	   2683	   3042	
无匹配：     	103	1599	  10908	  12321	
总共：      	217	2299	  15782	  17765	

文件61：tutorial_gradle_gui.html
         	片段	 词汇	字符（无空白）	字符（含空白）	
本文件内重复：  	 0	  0	      0	      0	
与其他文件重复： 	 0	  0	      0	      0	
精确匹配：    	84	668	   3679	   4259	
95%-100%：	 0	  0	      0	      0	
85%-94%： 	 0	  0	      0	      0	
75%-84%： 	 0	  0	      0	      0	
50%-74%： 	 1	  2	     16	     16	
无匹配：     	 0	  0	      0	      0	
总共：      	85	670	   3695	   4275	

文件62：tutorial_groovy_projects.html
         	片段	 词汇	字符（无空白）	字符（含空白）	
本文件内重复：  	 0	  0	      0	      0	
与其他文件重复： 	 3	  8	     98	    102	
精确匹配：    	62	446	   2917	   3286	
95%-100%：	 0	  0	      0	      0	
85%-94%： 	 0	  0	      0	      0	
75%-84%： 	 0	  0	      0	      0	
50%-74%： 	 0	  0	      0	      0	
无匹配：     	 1	  6	     34	     39	
总共：      	66	460	   3049	   3427	

文件63：tutorial_java_projects.html
         	 片段	  词汇	字符（无空白）	字符（含空白）	
本文件内重复：  	  1	   2	     16	     16	
与其他文件重复： 	 32	  42	    471	    494	
精确匹配：    	 49	  88	    967	   1010	
95%-100%：	  3	  60	    334	    387	
85%-94%： 	  3	  43	    250	    290	
75%-84%： 	  8	  32	    183	    206	
50%-74%： 	 50	 438	   2354	   2740	
无匹配：     	 96	1216	   7062	   8166	
总共：      	242	1921	  11637	  13309	

文件64：tutorial_this_and_that.html
         	 片段	 词汇	字符（无空白）	字符（含空白）	
本文件内重复：  	  0	  0	      0	      0	
与其他文件重复： 	  0	  0	      0	      0	
精确匹配：    	135	968	   6772	   7596	
95%-100%：	  0	  0	      0	      0	
85%-94%： 	  0	  0	      0	      0	
75%-84%： 	  0	  0	      0	      0	
50%-74%： 	  0	  0	      0	      0	
无匹配：     	  0	  0	      0	      0	
总共：      	135	968	   6772	   7596	

文件65：tutorial_using_tasks.html
         	 片段	  词汇	字符（无空白）	字符（含空白）	
本文件内重复：  	  6	  26	    199	    220	
与其他文件重复： 	  5	  10	    136	    139	
精确匹配：    	 65	 127	   1242	   1311	
95%-100%：	  0	   0	      0	      0	
85%-94%： 	 17	  65	    542	    603	
75%-84%： 	  8	  30	    265	    289	
50%-74%： 	 59	 422	   2253	   2616	
无匹配：     	127	1343	   8156	   9374	
总共：      	287	2023	  12793	  14552	

文件66：tutorials.html
         	片段	 词汇	字符（无空白）	字符（含空白）	
本文件内重复：  	 0	  0	      0	      0	
与其他文件重复： 	 3	 12	     75	     84	
精确匹配：    	31	 56	    642	    663	
95%-100%：	 0	  0	      0	      0	
85%-94%： 	 0	  0	      0	      0	
75%-84%： 	 0	  0	      0	      0	
50%-74%： 	 8	 40	    321	    353	
无匹配：     	 6	 52	    328	    374	
总共：      	48	160	   1366	   1474	

文件67：userguide.html
         	  片段	  词汇	字符（无空白）	字符（含空白）	
本文件内重复：  	 425	 656	   6404	   6545	
与其他文件重复： 	 109	 186	   3099	   3100	
精确匹配：    	 335	 644	   5881	   6097	
95%-100%：	   1	   3	     13	     15	
85%-94%： 	   2	  18	     94	    110	
75%-84%： 	  42	 171	   1119	   1226	
50%-74%： 	 247	 826	   8735	   9214	
无匹配：     	1543	3723	  37252	  38857	
总共：      	2704	6227	  62597	  65164	

文件68：userguide_single.html
         	   片段	   词汇	字符（无空白）	字符（含空白）	
本文件内重复：  	  397	  514	   7721	   7723	
与其他文件重复： 	10406	78418	 522403	 588261	
精确匹配：    	 2472	11848	  78254	  87599	
95%-100%：	    0	    0	      0	      0	
85%-94%： 	    1	    3	     26	     28	
75%-84%： 	   28	   59	    704	    711	
50%-74%： 	   36	  184	   1217	   1358	
无匹配：     	  875	 1482	  17884	  18297	
总共：      	14215	92508	 628209	 703977	

文件69：war_plugin.html
         	 片段	 词汇	字符（无空白）	字符（含空白）	
本文件内重复：  	  0	  0	      0	      0	
与其他文件重复： 	 94	548	   3917	   4348	
精确匹配：    	 28	 46	    514	    528	
95%-100%：	  0	  0	      0	      0	
85%-94%： 	  0	  0	      0	      0	
75%-84%： 	  0	  0	      0	      0	
50%-74%： 	  0	  0	      0	      0	
无匹配：     	  0	  0	      0	      0	
总共：      	122	594	   4431	   4876	

文件70：web_project_tutorial.html
         	片段	 词汇	字符（无空白）	字符（含空白）	
本文件内重复：  	 0	  0	      0	      0	
与其他文件重复： 	 4	  9	     79	     84	
精确匹配：    	56	409	   2523	   2867	
95%-100%：	 0	  0	      0	      0	
85%-94%： 	 0	  0	      0	      0	
75%-84%： 	 0	  0	      0	      0	
50%-74%： 	 0	  0	      0	      0	
无匹配：     	 0	  0	      0	      0	
总共：      	60	418	   2602	   2951	

文件71：working_with_files.html
         	 片段	  词汇	字符（无空白）	字符（含空白）	
本文件内重复：  	  0	   0	      0	      0	
与其他文件重复： 	  0	   0	      0	      0	
精确匹配：    	402	3093	  21075	  23606	
95%-100%：	  0	   0	      0	      0	
85%-94%： 	  0	   0	      0	      0	
75%-84%： 	  0	   0	      0	      0	
50%-74%： 	  0	   0	      0	      0	
无匹配：     	  0	   0	      0	      0	
总共：      	402	3093	  21075	  23606	

文件72：wrapper_plugin.html
         	片段	 词汇	字符（无空白）	字符（含空白）	
本文件内重复：  	 0	  0	      0	      0	
与其他文件重复： 	28	165	   1141	   1278	
精确匹配：    	22	 55	    465	    494	
95%-100%：	 0	  0	      0	      0	
85%-94%： 	 0	  0	      0	      0	
75%-84%： 	 0	  0	      0	      0	
50%-74%： 	 0	  0	      0	      0	
无匹配：     	 0	  0	      0	      0	
总共：      	50	220	   1606	   1772	

文件73：writing_build_scripts.html
         	 片段	  词汇	字符（无空白）	字符（含空白）	
本文件内重复：  	  0	   0	      0	      0	
与其他文件重复： 	 20	 126	   1329	   1405	
精确匹配：    	169	1143	   7239	   8207	
95%-100%：	  0	   0	      0	      0	
85%-94%： 	  0	   0	      0	      0	
75%-84%： 	  0	   0	      0	      0	
50%-74%： 	  0	   0	      0	      0	
无匹配：     	  0	   0	      0	      0	
总共：      	189	1269	   8568	   9612	

所有文件：
         	   片段	    词汇	字符（无空白）	字符（含空白）	
重复：      	13579	 86625	 600949	 671203	
精确匹配：    	 6498	 27335	 193783	 214130	
95%-100%：	    8	   126	    720	    826	
85%-94%： 	  158	   945	   7848	   8503	
75%-84%： 	  347	  1302	  15116	  15708	
50%-74%： 	 1595	 10874	  70747	  79699	
无匹配：     	 8165	 63743	 433816	 487174	
总共：      	30350	190950	1322979	1477243	

